pl· -.

38 1161111161,-866111661.111116111616161 666111666161618661111681

1161161611) 11 (1616661611161Β616116116166116111111161161661661611666
’618 116 1166116661 1111 1618111661116616, dem. 166111611166111
6111166666116 6116616616161161166616611611 Β661116161116111616661
· geben 611 116 66( 11666866111161116116166166111616611611666
1661611111 161 16661118616616111161611111661111111661666166666
16166666, 8616611166 6116161111,61166111111161 ,1111616166166111616
11116161 611116 611661161111 611 6161611161 16611 eber 61116116
1161666161 8611616 66 61116161,- 11166661 11661116616161 ,11666111 161161
16161116161166616166 (16161616116116 Π11616111661 8811111 1866
161611666161 861116611616 161166611611616661111116 1611128. 1661
1866 11161111111616116111616 16111611116111616611 61661616161661611
11611616616616 6661186616 166616161111116111116666 1111611 116 6166116
1661611 1116661 111116 166 1161161616 16161111161161111616 6116 Re·
1111161161 161 111166 161127, April 1866, 661611 11666116 6116616111
1611611616611166 11661116111116111111116616166111111.,. ἱ,

(11111 161 11161116 166 11161111611166 166161116611616116111
161, da dieses recht 1161 nieht 11166 166616616181161111611161111161.
. 6611611 611611 6116 666616611166 111161616111111611116166 Ehe.
1616616616161168116666161161116616 zu 661161 861161 16111- 111616 161-λ
, 6666611131. 1116 16666161 161 161 616116611611661 Zeugei] 1611111161
611 161 161 (161116616611 111616 666 11611 11161166 1166 1161116116
ee 61611 11 1611 W.. 11661161 66616 611116 611 166 1666116611 ,um

611111161161111111116616111.Ὶ

XI. Der 161616 quo 66116811161161111.11111 1866166
6161111616166 der 8611166166116111661616161816166,1161 1666611161
161161661661116,111611611,.11661666161111666661116666168116
11111116 16131 616 vellet 61116 61616661 61. 116111 1161611166161116-
1166168.. 1111 sei 16611 161 6111161161 1666666 116161111661611161
166661,1661661661616(1611111,166 861611611616118,11111166
1161161616 16161111111161611116116,1666616116111116 Γ1661111616116-
6611111661.8,..11116, 16161611116116661166161116616611Ηη11
welche 111 durch 6116 Verweehslung mit 1611861161 111166181161-
valere 616 66661616 Dz. 16111 Laurentius W. , , 11 6116611661 611 66
11 166 Kirehenbueh 61666111661 worden. ,1116 16166166161111611116111
'bei der (161161116116111661611666661 66116666, 11611161 6116166-
wohl die 11611116616 ale deren 1161161 661661111611611 61161 1661161-

1) e. 15. 16 66661161.’61 e. 8. eod. 11111111.

2) 6618111111. (11. l. 6. 6. 7. 8. X. de 66 qui 111111 4. 7. 81,
M. 161166116, Homo Apostolieus Traet. XVIII n. 63. Schulte, Handb. des
kath.Ehereehte‚ 8. 310. 11166661, 1111616611, 811111. 1116661161). 18641 8256 f.

3111611111611. 6. VIII. Χ.4, 14. e. 5. Sese. XXIV. Trid.
116 11116611. 811. D. Thomae Aquin. 81111116 111661, 3661111, 9 6.

 

